state=
{
	id=215
	name="STATE_215"
	state_category = wasteland
	buildings_max_level_factor=1.00
	manpower = 1
    history=
	{
	    owner = FWO
		buildings = {
		    infrastructure = 0
			arms_factory = 0
			industrial_complex = 0
			air_base = 0
		}
		add_core_of = FWO
	}
	provinces={
		73 194 334 528 546 681 774 1090 1128 1211 1220 1303 1447 1607 1627 1724 1924 2296 2454 2485 2550 2574 2591 2710 2730 2767 2963 3131 3184 3307 3347 4691 4707 4729 4751 4760 4767 4783 4790 4799 4816 4826 4866 4878 4885 4892 4915 4916 4925 4942 4991 4995 5011 5019 5037 5038 5053 5054 5070 5071 5079 5089 5097 5101 5115 5116 5125 5138 5156 5165 5173 5174 5196 5219 5224 5246 5266 5270 5301 5325 5329 5362 5376 5387 
	}
}